--// Services
local Players = cloneref(game:GetService('Players'))
local ReplicatedStorage = cloneref(game:GetService('ReplicatedStorage'))
local RunService = cloneref(game:GetService('RunService'))
local GuiService = cloneref(game:GetService('GuiService'))

--// Variables
local flags = {}
local characterposition
local lp = Players.LocalPlayer
local fishabundancevisible = false
local deathcon
local tooltipmessage
local TeleportLocations = {
    ['Zones'] = {
        ['Moosewood'] = CFrame.new(379.875458, 134.500519, 233.5495, -0.033920113, 8.13274355e-08, 0.999424577, 8.98441925e-08, 1, -7.83249803e-08, -0.999424577, 8.7135696e-08, -0.033920113),
        ['Roslit Bay'] = CFrame.new(-1472.9812, 132.525513, 707.644531, -0.00177415239, 1.15743369e-07, -0.99999845, -9.25943056e-09, 1, 1.15759981e-07, 0.99999845, 9.46479251e-09, -0.00177415239),
        ['Forsaken Shores'] = CFrame.new(-2491.104, 133.250015, 1561.2926, 0.355353981, -1.68352852e-08, -0.934731781, 4.69647858e-08, 1, -1.56367586e-10, 0.934731781, -4.38439116e-08, 0.355353981),
        ['Sunstone Island'] = CFrame.new(-913.809143, 138.160782, -1133.25879, -0.746701241, 4.50330218e-09, 0.665159583, 2.84934609e-09, 1, -3.5716119e-09, -0.665159583, -7.71657294e-10, -0.746701241),
        ['Statue of Sovereignty'] = CFrame.new(21.4017925, 159.014709, -1039.14233, -0.865476549, -4.38348664e-08, -0.500949502, -9.38435818e-08, 1, 7.46273798e-08, 0.500949502, 1.11599142e-07, -0.865476549),
        ['Terrapin Island'] = CFrame.new(-193.434143, 135.121979, 1951.46936, 0.512723684, -6.94711346e-08, 0.858553708, 5.44089183e-08, 1, 4.84237539e-08, -0.858553708, 2.18849721e-08, 0.512723684),
        ['Snowcap Island'] = CFrame.new(2607.93018, 135.284332, 2436.13208, 0.909039497, -7.49003748e-10, 0.4167099, 3.38659367e-09, 1, -5.59032465e-09, -0.4167099, 6.49305321e-09, 0.909039497),
        ['Mushgrove Swamp'] = CFrame.new(2434.29785, 131.983276, -691.930542, -0.123090521, -7.92820209e-09, -0.992395461, -9.05862692e-08, 1, 3.2467995e-09, 0.992395461, 9.02970569e-08, -0.123090521),
        ['Ancient Isle'] = CFrame.new(6056.02783, 195.280167, 276.270325, -0.655055285, 1.96010075e-09, 0.755580962, -1.63855578e-08, 1, -1.67997189e-08, -0.755580962, -2.33853594e-08, -0.655055285),
        ['Northern Expedition'] = CFrame.new(-1701.02979, 187.638779, 3944.81494, 0.918493569, -8.5804345e-08, 0.395435959, 8.59132356e-08, 1, 1.74328942e-08, -0.395435959, 1.7961181e-08, 0.918493569),
        ['Northern Summit'] = CFrame.new(19608.791, 131.420105, 5222.15283, 0.462794542, -2.64426987e-08, 0.886465549, -4.47066562e-08, 1, 5.31692343e-08, -0.886465549, -6.42373408e-08, 0.462794542),
        ['Vertigo'] = CFrame.new(-102.40567, -513.299377, 1052.07104, -0.999989033, 5.36423439e-09, 0.00468267547, 5.85247495e-09, 1, 1.04251647e-07, -0.00468267547, 1.04277916e-07, -0.999989033),
        ['Depths Entrance'] = CFrame.new(-15.4965982, -706.123718, 1231.43494, 0.0681341439, 1.15903154e-08, -0.997676194, 7.1017638e-08, 1, 1.64673093e-08, 0.997676194, -7.19745898e-08, 0.0681341439),
        ['Depths'] = CFrame.new(491.758118, -706.123718, 1230.6377, 0.00879980437, 1.29271776e-08, -0.999961257, 1.95575205e-13, 1, 1.29276803e-08, 0.999961257, -1.13956629e-10, 0.00879980437),
        ['Overgrowth Caves'] = CFrame.new(19746.2676, 416.00293, 5403.5752, 0.488031536, -3.30940715e-08, -0.87282598, -3.24267696e-11, 1, -3.79341323e-08, 0.87282598, 1.85413569e-08, 0.488031536),
        ['Frigid Cavern'] = CFrame.new(20253.6094, 756.525818, 5772.68555, -0.781508088, 1.85673343e-08, 0.623895109, 5.92671467e-09, 1, -2.23363816e-08, -0.623895109, -1.3758414e-08, -0.781508088),
        ['Cryogenic Canal'] = CFrame.new(19958.5176, 917.195923, 5332.59375, 0.758922458, -7.29783434e-09, 0.651180983, -4.58880756e-09, 1, 1.65551253e-08, -0.651180983, -1.55522013e-08, 0.758922458),
        ['Glacial Grotto'] = CFrame.new(20003.0273, 1136.42798, 5555.95996, 0.983130038, -3.94455064e-08, 0.182907909, 3.45229765e-08, 1, 3.0096718e-08, -0.182907909, -2.32744615e-08, 0.983130038),
        ["Keeper's Altar"] = CFrame.new(1297.92285, -805.292236, -284.155823, -0.99758029, 5.80044706e-08, -0.0695239156, 6.16549869e-08, 1, -5.03615105e-08, 0.0695239156, -5.45261436e-08, -0.99758029),
    ['altar'] = CFrame.new(1296.320068359375, -808.5519409179688, -298.93817138671875),
    ['arch'] = CFrame.new(998.966796875, 126.6849365234375, -1237.1434326171875),
    ['birch'] = CFrame.new(1742.3203125, 138.25787353515625, -2502.23779296875),
    ['brine'] = CFrame.new(-1794.10596, -145.849701, -3302.92358, -5.16176224e-05, 3.10316682e-06, 0.99999994, 0.119907647, 0.992785037, 3.10316682e-06, -0.992785037, 0.119907647, -5.16176224e-05),
    ['deep'] = CFrame.new(-1510.88672, -237.695053, -2852.90674, 0.573604643, 0.000580655003, 0.81913209, -0.000340352941, 0.999999762, -0.000470530824, -0.819132209, -8.89541116e-06, 0.573604763),
    ['deepshop'] = CFrame.new(-979.196411, -247.910156, -2699.87207, 0.587748766, 0, 0.809043527, 0, 1, 0, -0.809043527, 0, 0.587748766),
    ['enchant'] = CFrame.new(1296.320068359375, -808.5519409179688, -298.93817138671875),
    ['executive'] = CFrame.new(-29.836761474609375, -250.48486328125, 199.11614990234375),
    ['keepers'] = CFrame.new(1296.320068359375, -808.5519409179688, -298.93817138671875),
    ['mod_house'] = CFrame.new(-30.205902099609375, -249.40594482421875, 204.0529022216797),
    ['moosewood'] = CFrame.new(383.10113525390625, 131.2406005859375, 243.93385314941406),
    ['mushgrove'] = CFrame.new(2501.48583984375, 127.7583236694336, -720.699462890625),
    ['roslit'] = CFrame.new(-1476.511474609375, 130.16842651367188, 671.685302734375),
    ['snow'] = CFrame.new(2648.67578125, 139.06605529785156, 2521.29736328125),
    ['snowcap'] = CFrame.new(2648.67578125, 139.06605529785156, 2521.29736328125),
    ['spike'] = CFrame.new(-1254.800537109375, 133.88555908203125, 1554.2021484375),
    ['statue'] = CFrame.new(72.8836669921875, 138.6964874267578, -1028.4193115234375),
    ['sunstone'] = CFrame.new(-933.259705, 128.143951, -1119.52063, -0.342042685, 0, -0.939684391, 0, 1, 0, 0.939684391, 0, -0.342042685),
    ['swamp'] = CFrame.new(2501.48583984375, 127.7583236694336, -720.699462890625),
    ['terrapin'] = CFrame.new(-143.875244140625, 141.1676025390625, 1909.6070556640625),
    ['trident'] = CFrame.new(-1479.48987, -228.710632, -2391.39307, 0.0435845852, 0, 0.999049723, 0, 1, 0, -0.999049723, 0, 0.0435845852),
    ['vertigo'] = CFrame.new(-112.007278, -492.901093, 1040.32788, -1, 0, 0, 0, 1, 0, 0, 0, -1),
    ['volcano'] = CFrame.new(-1888.52319, 163.847565, 329.238281, 1, 0, 0, 0, 1, 0, 0, 0, 1),
    ['wilson'] = CFrame.new(2938.80591, 277.474762, 2567.13379, 0.4648332, 0, 0.885398269, 0, 1, 0, -0.885398269, 0, 0.4648332),
    ['wilsons_rod'] = CFrame.new(2879.2085, 135.07663, 2723.64233, 0.970463336, -0.168695927, -0.172460333, 0.141582936, -0.180552125, 0.973321974, -0.195333466, -0.968990743, -0.151334763),
    ['The_Depths'] = CFrame.new(1294.50, -701.38, 1599.49),
    ['Forsaken'] = CFrame.new(-2509.66, 135.71, 1572.59),
    },
    ['Rods'] = {
        ['Heaven Rod'] = CFrame.new(20025.0508, -467.665955, 7114.40234, -0.9998191, -2.41349773e-10, 0.0190212391, -4.76249762e-10, 1, -1.23448247e-08, -0.0190212391, -1.23516495e-08, -0.9998191),
        ['Summit Rod'] = CFrame.new(20213.334, 736.668823, 5707.8208, -0.274440169, 3.53429606e-08, 0.961604178, -1.52819659e-08, 1, -4.11156122e-08, -0.961604178, -2.59789772e-08, -0.274440169),
        ['Kings Rod'] = CFrame.new(1380.83862, -807.198608, -304.22229, -0.692510426, 9.24755454e-08, 0.72140789, 4.86611427e-08, 1, -8.1475676e-08, -0.72140789, -2.13182219e-08, -0.692510426)
    ['Training Rod'] = CFrame.new(457.693848, 148.357529, 230.414307, 1, -0, 0, 0, 0.975410998, 0.220393807, -0, -0.220393807, 0.975410998),
    ['Plastic Rod'] = CFrame.new(454.425385, 148.169739, 229.172424, 0.951755166, 0.0709736273, -0.298537821, -3.42726707e-07, 0.972884834, 0.231290117, 0.306858391, -0.220131472, 0.925948203),
    ['Lucky Rod'] = CFrame.new(446.085999, 148.253006, 222.160004, 0.974526405, -0.22305499, 0.0233404674, 0.196993902, 0.901088715, 0.386306256, -0.107199371, -0.371867687, 0.922075212),
    ['Kings Rod'] = CFrame.new(1375.57642, -810.201721, -303.509247, -0.7490201, 0.662445903, -0.0116144121, -0.0837960541, -0.0773290396, 0.993478119, 0.657227278, 0.745108068, 0.113431036),
    ['Flimsy Rod'] = CFrame.new(471.107697, 148.36171, 229.642441, 0.841614008, 0.0774728209, -0.534493923, 0.00678436086, 0.988063335, 0.153898612, 0.540036798, -0.13314943, 0.831042409),
    ['Nocturnal Rod'] = CFrame.new(-141.874237, -515.313538, 1139.04529, 0.161644459, -0.98684907, 1.87754631e-05, 1.87754631e-05, 2.21133232e-05, 1, -0.98684907, -0.161644459, 2.21133232e-05),
    ['Fast Rod'] = CFrame.new(447.183563, 148.225739, 220.187454, 0.981104493, 1.26492232e-05, 0.193478703, -0.0522461236, 0.962867677, 0.264870107, -0.186291039, -0.269973755, 0.944674432),
    ['Carbon Rod'] = CFrame.new(454.083618, 150.590073, 225.328827, 0.985374212, -0.170404434, 1.41561031e-07, 1.41561031e-07, 1.7285347e-06, 1, -0.170404434, -0.985374212, 1.7285347e-06),
    ['Long Rod'] = CFrame.new(485.695038, 171.656326, 145.746109, -0.630167365, -0.776459217, -5.33461571e-06, 5.33461571e-06, -1.12056732e-05, 1, -0.776459217, 0.630167365, 1.12056732e-05),
    ['Mythical Rod'] = CFrame.new(389.716705, 132.588821, 314.042847, 0, 1, 0, 0, 0, -1, -1, 0, 0),
    ['Midas Rod'] = CFrame.new(401.981659, 133.258316, 326.325745, 0.16456604, 0.986365497, 0.00103566051, 0.00017541647, 0.00102066994, -0.999999464, -0.986366034, 0.1645661, -5.00679016e-06),
    ['Trident Rod'] = CFrame.new(-1484.34192, -222.325562, -2194.77002, -0.466092706, -0.536795318, 0.703284025, -0.319611132, 0.843386114, 0.43191275, -0.824988723, -0.0234660208, -0.56466186),
    ['Enchated Altar'] = CFrame.new(1310.54651, -799.469604, -82.7303467, 0.999973059, 0, 0.00733732153, 0, 1, 0, -0.00733732153, 0, 0.999973059),
    ['Bait Crate'] = CFrame.new(384.57513427734375, 135.3519287109375, 337.5340270996094),
    ['Quality Bait Crate'] = CFrame.new(-177.876, 144.472, 1932.844),
    ['Crab Cage'] = CFrame.new(474.803589, 149.664566, 229.49469, -0.721874595, 0, 0.692023814, 0, 1, 0, -0.692023814, 0, -0.721874595),
    ['GPS'] = CFrame.new(517.896729, 149.217636, 284.856842, 7.39097595e-06, -0.719539165, -0.694451928, -1, -7.39097595e-06, -3.01003456e-06, -3.01003456e-06, 0.694451928, -0.719539165),
    ['Basic Diving Gear'] = CFrame.new(369.174774, 132.508835, 248.705368, 0.228398502, -0.158300221, -0.96061182, 1.58026814e-05, 0.986692965, -0.162594408, 0.973567724, 0.037121132, 0.225361705),
    ['Fish Radar'] = CFrame.new(365.75177, 134.50499, 274.105804, 0.704499543, -0.111681774, -0.70086211, 1.32396817e-05, 0.987542748, -0.157350808, 0.709704578, 0.110844307, 0.695724905),
    ['Rod Of The Depths'] = CFrame.new(1704.92, -902.53, 1442.00)
    },
    ['racistpeople'] = {
        ['Witch'] = CFrame.new(409.638092, 134.451523, 311.403687, -0.74079144, 0, 0.671735108, 0, 1, 0, -0.671735108, 0, -0.74079144),
        ['Quiet Synph'] = CFrame.new(566.263245, 152.000031, 353.872101, -0.753558397, 0, -0.657381535, 0, 1, 0, 0.657381535, 0, -0.753558397),
        ['Pierre'] = CFrame.new(391.38855, 135.348389, 196.712387, -1, 0, 0, 0, 1, 0, 0, 0, -1),
        ['Phineas'] = CFrame.new(469.912292, 150.69342, 277.954987, 0.886104584, -0, -0.46348536, 0, 1, -0, 0.46348536, 0, 0.886104584),
        ['Paul'] = CFrame.new(381.741882, 136.500031, 341.891022, -1, 0, 0, 0, 1, 0, 0, 0, -1),
        ['Shipwright'] = CFrame.new(357.972595, 133.615967, 258.154541, 0, 0, -1, 0, 1, 0, 1, 0, 0),
        ['Angler'] = CFrame.new(480.102478, 150.501053, 302.226898, 1, 0, 0, 0, 1, 0, 0, 0, 1),
        ['Marc'] = CFrame.new(466.160034, 151.00206, 224.497086, -0.996853352, 0, -0.0792675018, 0, 1, 0, 0.0792675018, 0, -0.996853352),
        ['Lucas'] = CFrame.new(449.33963, 181.999893, 180.689072, 0, 0, 1, 0, 1, -0, -1, 0, 0),
        ['Latern Keeper'] = CFrame.new(-39.0456772, -246.599976, 195.644363, -1, 0, 0, 0, 1, 0, 0, 0, -1),
        ['Latern Keeper2'] = CFrame.new(-17.4230175, -304.970276, -14.529892, -1, 0, 0, 0, 1, 0, 0, 0, -1),
        ['Inn Keeper'] = CFrame.new(487.458466, 150.800034, 231.498932, -0.564704418, 0, -0.825293183, 0, 1, 0, 0.825293183, 0, -0.564704418),
        ['Roslit Keeper'] = CFrame.new(-1512.37891, 134.500031, 631.24353, 0.738236904, 0, -0.674541533, 0, 1, 0, 0.674541533, 0, 0.738236904),
        ['FishingNpc 1'] = CFrame.new(-1429.04138, 134.371552, 686.034424, 0, 0.0168599077, -0.999857903, 0, 0.999857903, 0.0168599077, 1, 0, 0),
        ['FishingNpc 2'] = CFrame.new(-1778.55408, 149.791779, 648.097107, 0.183140755, 0.0223737024, -0.982832015, 0, 0.999741018, 0.0227586292, 0.983086705, -0.00416803267, 0.183093324),
        ['FishingNpc 3'] = CFrame.new(-1778.26807, 147.83165, 653.258606, -0.129575253, 0.501478612, 0.855411887, -2.44146213e-05, 0.862683058, -0.505744994, -0.991569638, -0.0655529201, -0.111770131),
        ['Henry'] = CFrame.new(483.539307, 152.383057, 236.296143, -0.789363742, 0, 0.613925934, 0, 1, 0, -0.613925934, 0, -0.789363742),
        ['Daisy'] = CFrame.new(581.550049, 165.490753, 213.499969, -0.964885235, 0, -0.262671858, 0, 1, 0, 0.262671858, 0, -0.964885235),
        ['Appraiser'] = CFrame.new(453.182373, 150.500031, 206.908783, 0, 0, 1, 0, 1, -0, -1, 0, 0),
        ['Merchant'] = CFrame.new(416.690521, 130.302628, 342.765289, -0.249025017, -0.0326484665, 0.967946589, -0.0040341015, 0.999457955, 0.0326734781, -0.968488574, 0.00423171744, -0.249021754),
        ['Mod Keeper'] = CFrame.new(-39.0905838, -245.141144, 195.837891, -0.948549569, -0.0898146331, -0.303623199, -0.197293222, 0.91766715, 0.34490931, 0.247647122, 0.387066364, -0.888172567),
        ['Ashe'] = CFrame.new(-1709.94055, 149.862411, 729.399536, -0.92290163, 0.0273250472, -0.384064913, 0, 0.997478604, 0.0709675401, 0.385035753, 0.0654960647, -0.920574605),
        ['Alfredrickus'] = CFrame.new(-1520.60632, 142.923264, 764.522034, 0.301733732, 0.390740901, -0.869642735, 0.0273988936, 0.908225596, 0.417582989, 0.952998459, -0.149826124, 0.26333645),
        ['Depths Merchant'] = CFrame.new(949.04, -711.56, 1262.58),
    }
}

local ZoneNames = {}
local RodNames = {}
local RodColors = {}
local RodMaterials = {}
local RacistPeopleNames = {}
for i,v in pairs(TeleportLocations['racistpeople']) do table.insert(RacistPeopleNames, i) end
for i,v in pairs(TeleportLocations['Zones']) do table.insert(ZoneNames, i) end
for i,v in pairs(TeleportLocations['Rods']) do table.insert(RodNames, i) end

-- List player
local function getPlayerNames()
    local names = {}
    for _, p in ipairs(Players:GetPlayers()) do
        table.insert(names, p.Name)
    end
    return names
end

--// Functions
FindChildOfClass = function(parent, classname)
    return parent:FindFirstChildOfClass(classname)
end
FindChild = function(parent, child)
    return parent:FindFirstChild(child)
end
FindChildOfType = function(parent, childname, classname)
    child = parent:FindFirstChild(childname)
    if child and child.ClassName == classname then
        return child
    end
end
CheckFunc = function(func)
    return typeof(func) == 'function'
end

--// Custom Functions
getchar = function()
    return lp.Character or lp.CharacterAdded:Wait()
end
gethrp = function()
    return getchar():WaitForChild('HumanoidRootPart')
end
gethum = function()
    return getchar():WaitForChild('Humanoid')
end
FindRod = function()
    if FindChildOfClass(getchar(), 'Tool') and FindChild(FindChildOfClass(getchar(), 'Tool'), 'values') then
        return FindChildOfClass(getchar(), 'Tool')
    else
        return nil
    end
end
message = function(text, time)
    if tooltipmessage then tooltipmessage:Remove() end
    tooltipmessage = require(lp.PlayerGui:WaitForChild("GeneralUIModule")):GiveToolTip(lp, text)
    task.spawn(function()
        task.wait(time)
        if tooltipmessage then tooltipmessage:Remove(); tooltipmessage = nil end
    end)
end

--// UI
local library
if CheckFunc(makefolder) and (CheckFunc(isfolder) and not isfolder('fisch')) then
    makefolder('fisch')
end
if CheckFunc(writefile) and (CheckFunc(isfile) and not isfile('fisch/library.lua')) then
    writefile('fisch/library.lua', game:HttpGet('https://raw.githubusercontent.com/MELLISAEFFENDY/gamech/refs/heads/main/library.lua'))
end
if CheckFunc(loadfile) then
    library = loadfile('fisch/library.lua')()
else
    library = loadstring(game:HttpGet('https://raw.githubusercontent.com/MELLISAEFFENDY/gamech/refs/heads/main/library.lua'))()
end
local Automation = library:CreateWindow('Automation')
local Modifications = library:CreateWindow('Modifications')
local Teleports = library:CreateWindow('Teleports')
local Visuals = library:CreateWindow('Visuals')
Automation:Section('Autofarm')
Automation:Toggle('Freeze Character', {location = flags, flag = 'freezechar'})
Automation:Dropdown('Freeze Character Mode', {location = flags, flag = 'freezecharmode', list = {'Rod Equipped', 'Toggled'}})
Automation:Toggle('Auto Cast', {location = flags, flag = 'autocast'})
Automation:Toggle('Auto Shake', {location = flags, flag = 'autoshake'})
Automation:Toggle('Auto Reel', {location = flags, flag = 'autoreel'})
-----
if CheckFunc(hookmetamethod) then
    Modifications:Section('Hooks')
    Modifications:Toggle('No AFK Text', {location = flags, flag = 'noafk'})
    Modifications:Toggle('Perfect Cast', {location = flags, flag = 'perfectcast'})
    Modifications:Toggle('Always Catch', {location = flags, flag = 'alwayscatch'})
end
Modifications:Section('Client')
Modifications:Toggle('Infinite Oxygen', {location = flags, flag = 'infoxygen'})
Modifications:Toggle('No Temp & Oxygen', {location = flags, flag = 'nopeakssystems'})
-----
Teleports:Section('Locations')
Teleports:Dropdown('Zones', {location = flags, flag = 'zones', list = ZoneNames})
Teleports:Button('Teleport To Zone', function() gethrp().CFrame = TeleportLocations['Zones'][flags['zones']] end)
Teleports:Dropdown('Rod Locations', {location = flags, flag = 'rodlocations', list = RodNames})
Teleports:Button('Teleport To Rod', function() gethrp().CFrame = TeleportLocations['Rods'][flags['rodlocations']] end)

Teleports:Dropdown('Racist People', {location = flags, flag = 'racistpeople', list = RacistPeopleNames})
Teleports:Button('Teleport To Racist People', function()
    local target = flags['racistpeople']
    if target and TeleportLocations['racistpeople'][target] then
        gethrp().CFrame = TeleportLocations['racistpeople'][target]
    end
end)

-- Dropdown list player
Teleports:Dropdown('Player List', {location = flags, flag = 'playerlist', list = getPlayerNames()})
Teleports:Button('Teleport To Player', function()
    local targetName = flags['playerlist']
    local targetPlayer = Players:FindFirstChild(targetName)
    if targetPlayer and targetPlayer.Character and targetPlayer.Character:FindFirstChild('HumanoidRootPart') then
        local targetPos = targetPlayer.Character.HumanoidRootPart.CFrame
        local myChar = lp.Character
        if myChar and myChar:FindFirstChild('HumanoidRootPart') then
            myChar.HumanoidRootPart.CFrame = targetPos
        end
    end
end)

-- Update dropdown player list saat player join/leave
Players.PlayerAdded:Connect(function()
    Teleports.options['Player List'].list = getPlayerNames()
end)
Players.PlayerRemoving:Connect(function()
    Teleports.options['Player List'].list = getPlayerNames()
end)
-----
Visuals:Section('Rod')
Visuals:Toggle('Body Rod Chams', {location = flags, flag = 'bodyrodchams'})
Visuals:Toggle('Rod Chams', {location = flags, flag = 'rodchams'})
Visuals:Dropdown('Material', {location = flags, flag = 'rodmaterial', list = {'ForceField', 'Neon'}})
Visuals:Section('Fish Abundance')
Visuals:Toggle('Free Fish Radar', {location = flags, flag = 'fishabundance'})

--// Loops
RunService.Heartbeat:Connect(function()
    -- Autofarm
    if flags['freezechar'] then
        if flags['freezecharmode'] == 'Toggled' then
            if characterposition == nil then
                characterposition = gethrp().CFrame
            else
                gethrp().CFrame = characterposition
            end
        elseif flags['freezecharmode'] == 'Rod Equipped' then
            local rod = FindRod()
            if rod and characterposition == nil then
                characterposition = gethrp().CFrame
            elseif rod and characterposition ~= nil then
                gethrp().CFrame = characterposition
            else
                characterposition = nil
            end
        end
    else
        characterposition = nil
    end
    if flags['autoshake'] then
        if FindChild(lp.PlayerGui, 'shakeui') and FindChild(lp.PlayerGui['shakeui'], 'safezone') and FindChild(lp.PlayerGui['shakeui']['safezone'], 'button') then
            GuiService.SelectedObject = lp.PlayerGui['shakeui']['safezone']['button']
            if GuiService.SelectedObject == lp.PlayerGui['shakeui']['safezone']['button'] then
                game:GetService('VirtualInputManager'):SendKeyEvent(true, Enum.KeyCode.Return, false, game)
                game:GetService('VirtualInputManager'):SendKeyEvent(false, Enum.KeyCode.Return, false, game)
            end
        end
    end
    if flags['autocast'] then
        local rod = FindRod()
        if rod ~= nil and rod['values']['lure'].Value <= .001 and task.wait(.5) then
            rod.events.cast:FireServer(100, 1)
        end
    end
    if flags['autoreel'] then
        local rod = FindRod()
        if rod ~= nil and rod['values']['lure'].Value == 100 and task.wait(.5) then
            ReplicatedStorage.events.reelfinished:FireServer(100, true)
        end
    end

    -- Visuals
    if flags['rodchams'] then
        local rod = FindRod()
        if rod ~= nil and FindChild(rod, 'Details') then
            local rodName = tostring(rod)
            if not RodColors[rodName] then
                RodColors[rodName] = {}
                RodMaterials[rodName] = {}
            end
            for i,v in rod['Details']:GetDescendants() do
                if v:IsA('BasePart') or v:IsA('MeshPart') then
                    if v.Color ~= Color3.fromRGB(100, 100, 255) then
                        RodColors[rodName][v.Name..i] = v.Color
                    end
                    if RodMaterials[rodName][v.Name..i] == nil then
                        if v.Material == Enum.Material.Neon then
                            RodMaterials[rodName][v.Name..i] = Enum.Material.Neon
                        elseif v.Material ~= Enum.Material.ForceField and v.Material ~= Enum.Material[flags['rodmaterial']] then
                            RodMaterials[rodName][v.Name..i] = v.Material
                        end
                    end
                    v.Material = Enum.Material[flags['rodmaterial']]
                    v.Color = Color3.fromRGB(100, 100, 255)
                end
            end
            if rod['handle'].Color ~= Color3.fromRGB(100, 100, 255) then
                RodColors[rodName]['handle'] = rod['handle'].Color
            end
            if rod['handle'].Material ~= Enum.Material.ForceField and rod['handle'].Material ~= Enum.Material.Neon and rod['handle'].Material ~= Enum.Material[flags['rodmaterial']] then
                RodMaterials[rodName]['handle'] = rod['handle'].Material
            end
            rod['handle'].Material = Enum.Material[flags['rodmaterial']]
            rod['handle'].Color = Color3.fromRGB(100, 100, 255)
        end
    elseif not flags['rodchams'] then
        local rod = FindRod()
        if rod ~= nil and FindChild(rod, 'Details') then
            local rodName = tostring(rod)
            if RodColors[rodName] and RodMaterials[rodName] then
                for i,v in rod['Details']:GetDescendants() do
                    if v:IsA('BasePart') or v:IsA('MeshPart') then
                        if RodMaterials[rodName][v.Name..i] and RodColors[rodName][v.Name..i] then
                            v.Material = RodMaterials[rodName][v.Name..i]
                            v.Color = RodColors[rodName][v.Name..i]
                        end
                    end
                end
                if RodMaterials[rodName]['handle'] and RodColors[rodName]['handle'] then
                    rod['handle'].Material = RodMaterials[rodName]['handle']
                    rod['handle'].Color = RodColors[rodName]['handle']
                end
            end
        end
    end
    if flags['bodyrodchams'] then
        local rod = getchar():FindFirstChild('RodBodyModel')
        if rod ~= nil and FindChild(rod, 'Details') then
            local rodName = tostring(rod)
            if not RodColors[rodName] then
                RodColors[rodName] = {}
                RodMaterials[rodName] = {}
            end
            for i,v in rod['Details']:GetDescendants() do
                if v:IsA('BasePart') or v:IsA('MeshPart') then
                    if v.Color ~= Color3.fromRGB(100, 100, 255) then
                        RodColors[rodName][v.Name..i] = v.Color
                    end
                    if RodMaterials[rodName][v.Name..i] == nil then
                        if v.Material == Enum.Material.Neon then
                            RodMaterials[rodName][v.Name..i] = Enum.Material.Neon
                        elseif v.Material ~= Enum.Material.ForceField and v.Material ~= Enum.Material[flags['rodmaterial']] then
                            RodMaterials[rodName][v.Name..i] = v.Material
                        end
                    end
                    v.Material = Enum.Material[flags['rodmaterial']]
                    v.Color = Color3.fromRGB(100, 100, 255)
                end
            end
            if rod['handle'].Color ~= Color3.fromRGB(100, 100, 255) then
                RodColors[rodName]['handle'] = rod['handle'].Color
            end
            if rod['handle'].Material ~= Enum.Material.ForceField and rod['handle'].Material ~= Enum.Material.Neon and rod['handle'].Material ~= Enum.Material[flags['rodmaterial']] then
                RodMaterials[rodName]['handle'] = rod['handle'].Material
            end
            rod['handle'].Material = Enum.Material[flags['rodmaterial']]
            rod['handle'].Color = Color3.fromRGB(100, 100, 255)
        end
    elseif not flags['bodyrodchams'] then
        local rod = getchar():FindFirstChild('RodBodyModel')
        if rod ~= nil and FindChild(rod, 'Details') then
            local rodName = tostring(rod)
            if RodColors[rodName] and RodMaterials[rodName] then
                for i,v in rod['Details']:GetDescendants() do
                    if v:IsA('BasePart') or v:IsA('MeshPart') then
                        if RodMaterials[rodName][v.Name..i] and RodColors[rodName][v.Name..i] then
                            v.Material = RodMaterials[rodName][v.Name..i]
                            v.Color = RodColors[rodName][v.Name..i]
                        end
                    end
                end
                if RodMaterials[rodName]['handle'] and RodColors[rodName]['handle'] then
                    rod['handle'].Material = RodMaterials[rodName]['handle']
                    rod['handle'].Color = RodColors[rodName]['handle']
                end
            end
        end
    end
    if flags['fishabundance'] then
        if not fishabundancevisible then
            message('\<b><font color = \"#9eff80\">Fish Abundance Zones</font></b>\ are now visible', 5)
        end
        for i,v in workspace.zones.fishing:GetChildren() do
            if FindChildOfType(v, 'Abundance', 'StringValue') and FindChildOfType(v, 'radar1', 'BillboardGui') then
                v['radar1'].Enabled = true
                v['radar2'].Enabled = true
            end
        end
        fishabundancevisible = flags['fishabundance']
    else
        if fishabundancevisible then
            message('\<b><font color = \"#9eff80\">Fish Abundance Zones</font></b>\ are no longer visible', 5)
        end
        for i,v in workspace.zones.fishing:GetChildren() do
            if FindChildOfType(v, 'Abundance', 'StringValue') and FindChildOfType(v, 'radar1', 'BillboardGui') then
                v['radar1'].Enabled = false
                v['radar2'].Enabled = false
            end
        end
        fishabundancevisible = flags['fishabundance']
    end

    -- Modifications
    if flags['infoxygen'] then
        if not deathcon then
            deathcon = gethum().Died:Connect(function()
                task.delay(9, function()
                    if FindChildOfType(getchar(), 'DivingTank', 'Decal') then
                        FindChildOfType(getchar(), 'DivingTank', 'Decal'):Destroy()
                    end
                    local oxygentank = Instance.new('Decal')
                    oxygentank.Name = 'DivingTank'
                    oxygentank.Parent = workspace
                    oxygentank:SetAttribute('Tier', 1/0)
                    oxygentank.Parent = getchar()
                    deathcon = nil
                end)
            end)
        end
        if deathcon and gethum().Health > 0 then
            if not getchar():FindFirstChild('DivingTank') then
                local oxygentank = Instance.new('Decal')
                oxygentank.Name = 'DivingTank'
                oxygentank.Parent = workspace
                oxygentank:SetAttribute('Tier', 1/0)
                oxygentank.Parent = getchar()
            end
        end
    else
        if FindChildOfType(getchar(), 'DivingTank', 'Decal') then
            FindChildOfType(getchar(), 'DivingTank', 'Decal'):Destroy()
        end
    end
    if flags['nopeakssystems'] then
        getchar():SetAttribute('WinterCloakEquipped', true)
        getchar():SetAttribute('Refill', true)
    else
        getchar():SetAttribute('WinterCloakEquipped', nil)
        getchar():SetAttribute('Refill', false)
    end
end)

--// Hooks
if CheckFunc(hookmetamethod) then
    local old; old = hookmetamethod(game, "__namecall", function(self, ...)
        local method, args = getnamecallmethod(), {...}
        if method == 'FireServer' and self.Name == 'afk' and flags['noafk'] then
            args[1] = false
            return old(self, unpack(args))
        elseif method == 'FireServer' and self.Name == 'cast' and flags['perfectcast'] then
            args[1] = 100
            return old(self, unpack(args))
        elseif method == 'FireServer' and self.Name == 'reelfinished' and flags['alwayscatch'] then
            args[1] = 100
            args[2] = true
            return old(self, unpack(args))
        end
        return old(self, ...)
    end)
end